   
# TS6 to TS1
00 33 af 02 cb 22 00 00 
00 33 af 02 ca 48 
00 00 5d 
02 c9 df 
00 33 af 02 c9 0b 
00 33 af 02 c8 ff

#Inner Ethernet
ac 1f 6b 62 b9 67 
ac 1f 6b 62 b9 0d 
ab cd 

#MPLS
00 00 00 00 
00 00 00 00 
00 00 00 00 
00 00 00 00 
00 00 00 00 
00 00 00 00 
00 00 00 00 
00 00 01 00 

#IPV6
60 00 00 00 02 ca 00 00 00 00 00 00 00 00 00 00 00 00 00 00 
00 00 00 00 00 00 00 00 00 00 00 00 00 00 00 00 00 00 00 00 


Parsed incremental: (use f1, always 0)

#MPLS
1B   - 00 
2B   - 00 00 
4B   - 00 00 00 00 
8B   - 00 00 00 00 00 00 00 00 
16B  - 00 00 00 00 00 00 00 00 
	   00 00 00 00 00 00 00 01 
32B -  00 60 00 00 00 02 ca 00
	   00 00 00 00 00 00 00 00
	   00 00 00 00 00 00 00 00 
	   00 00 00 00 00 00 00 00 
64B -  00 00 00 00 00 00 00 00 
       00 + payload
128B
256B

Parsed decremental: (f1 is fine, always 0)

256B - 00 00 00 00 00 00 00 00 
	   00 00 00 00 00 00 00 00 
	   00 00 00 00 00 00 00 00 
	   00 00 00 00 00 00 01 00 
	   60 00 00 00 02 ca 00 00 
	   00 00 00 00 00 00 00 00 
	   00 00 00 00 00 00 00 00 
	   00 00 00 00 00 00 00 00 
	   00 00 00 00 00 00 00 00 
	   + payload